0,2,2352,4.9375,147,4.9375,147,4.9375
0,1,2352,4.9375,147,4.9375,147,4.9375
2,3,2352,4.9375,147,4.9375,147,4.9375
-1,0,2352,4.9375,7203,4.9375,147,4.9375,147,4.9375,147,24.6875,147,123.4375
-1,1,7203,4.9375,147,24.6875,147,123.4375
-1,2,7203,4.9375,147,24.6875,147,123.4375
-1,3,7203,4.9375,147,24.6875,147,123.4375
0,-1,1,24.6875,1,123.4375
1,-1,1,24.6875,1,123.4375
2,-1,1,24.6875,1,123.4375
3,-1,1,24.6875,1,123.4375
4,6,2352,4.9375,147,4.9375,147,4.9375
4,5,2352,4.9375,147,4.9375,147,4.9375
6,7,2352,4.9375,147,4.9375,147,4.9375
-1,4,2352,4.9375,7203,4.9375,147,4.9375,147,4.9375,147,24.6875,147,123.4375
-1,5,7203,4.9375,147,24.6875,147,123.4375
-1,6,7203,4.9375,147,24.6875,147,123.4375
-1,7,7203,4.9375,147,24.6875,147,123.4375
4,-1,1,24.6875,1,123.4375
5,-1,1,24.6875,1,123.4375
6,-1,1,24.6875,1,123.4375
7,-1,1,24.6875,1,123.4375
8,10,2352,4.9375,147,4.9375,147,4.9375
8,9,2352,4.9375,147,4.9375,147,4.9375
10,11,2352,4.9375,147,4.9375,147,4.9375
-1,8,2352,4.9375,7203,4.9375,147,4.9375,147,4.9375,147,24.6875,147,123.4375
-1,9,7203,4.9375,147,24.6875,147,123.4375
-1,10,7203,4.9375,147,24.6875,147,123.4375
-1,11,7203,4.9375,147,24.6875,147,123.4375
8,-1,1,24.6875,1,123.4375
9,-1,1,24.6875,1,123.4375
10,-1,1,24.6875,1,123.4375
11,-1,1,24.6875,1,123.4375
12,14,2352,4.9375,147,4.9375,147,4.9375
12,13,2352,4.9375,147,4.9375,147,4.9375
14,15,2352,4.9375,147,4.9375,147,4.9375
-1,12,2352,4.9375,7203,4.9375,147,4.9375,147,4.9375,147,24.6875,147,123.4375
-1,13,7203,4.9375,147,24.6875,147,123.4375
-1,14,7203,4.9375,147,24.6875,147,123.4375
-1,15,7203,4.9375,147,24.6875,147,123.4375
12,-1,1,24.6875,1,123.4375
13,-1,1,24.6875,1,123.4375
14,-1,1,24.6875,1,123.4375
15,-1,1,24.6875,1,123.4375
16,18,2352,4.9375,147,4.9375,147,4.9375
16,17,2352,4.9375,147,4.9375,147,4.9375
18,19,2352,4.9375,147,4.9375,147,4.9375
-1,16,2352,4.9375,7203,4.9375,147,4.9375,147,4.9375,147,24.6875,147,123.4375
-1,17,7203,4.9375,147,24.6875,147,123.4375
-1,18,7203,4.9375,147,24.6875,147,123.4375
-1,19,7203,4.9375,147,24.6875,147,123.4375
16,-1,1,24.6875,1,123.4375
17,-1,1,24.6875,1,123.4375
18,-1,1,24.6875,1,123.4375
19,-1,1,24.6875,1,123.4375
20,22,2352,4.9375,147,4.9375,147,4.9375
20,21,2352,4.9375,147,4.9375,147,4.9375
22,23,2352,4.9375,147,4.9375,147,4.9375
-1,20,2352,4.9375,7203,4.9375,147,4.9375,147,4.9375,147,24.6875,147,123.4375
-1,21,7203,4.9375,147,24.6875,147,123.4375
-1,22,7203,4.9375,147,24.6875,147,123.4375
-1,23,7203,4.9375,147,24.6875,147,123.4375
20,-1,1,24.6875,1,123.4375
21,-1,1,24.6875,1,123.4375
22,-1,1,24.6875,1,123.4375
23,-1,1,24.6875,1,123.4375
24,26,2352,4.9375,147,4.9375,147,4.9375
24,25,2352,4.9375,147,4.9375,147,4.9375
26,27,2352,4.9375,147,4.9375,147,4.9375
-1,24,2352,4.9375,7203,4.9375,147,4.9375,147,4.9375,147,24.6875,147,123.4375
-1,25,7203,4.9375,147,24.6875,147,123.4375
-1,26,7203,4.9375,147,24.6875,147,123.4375
-1,27,7203,4.9375,147,24.6875,147,123.4375
24,-1,1,24.6875,1,123.4375
25,-1,1,24.6875,1,123.4375
26,-1,1,24.6875,1,123.4375
27,-1,1,24.6875,1,123.4375
28,30,2352,4.9375,147,4.9375,147,4.9375
28,29,2352,4.9375,147,4.9375,147,4.9375
30,31,2352,4.9375,147,4.9375,147,4.9375
-1,28,2352,4.9375,7203,4.9375,147,4.9375,147,4.9375,147,24.6875,147,123.4375
-1,29,7203,4.9375,147,24.6875,147,123.4375
-1,30,7203,4.9375,147,24.6875,147,123.4375
-1,31,7203,4.9375,147,24.6875,147,123.4375
28,-1,1,24.6875,1,123.4375
29,-1,1,24.6875,1,123.4375
30,-1,1,24.6875,1,123.4375
31,-1,1,24.6875,1,123.4375
32,34,2352,4.9375,147,4.9375,147,4.9375
32,33,2352,4.9375,147,4.9375,147,4.9375
34,35,2352,4.9375,147,4.9375,147,4.9375
-1,32,2352,4.9375,7203,4.9375,147,4.9375,147,4.9375,147,24.6875,147,123.4375
-1,33,7203,4.9375,147,24.6875,147,123.4375
-1,34,7203,4.9375,147,24.6875,147,123.4375
-1,35,7203,4.9375,147,24.6875,147,123.4375
32,-1,1,24.6875,1,123.4375
33,-1,1,24.6875,1,123.4375
34,-1,1,24.6875,1,123.4375
35,-1,1,24.6875,1,123.4375
36,38,2352,4.9375,147,4.9375,147,4.9375
36,37,2352,4.9375,147,4.9375,147,4.9375
38,39,2352,4.9375,147,4.9375,147,4.9375
-1,36,2352,4.9375,7203,4.9375,147,4.9375,147,4.9375,147,24.6875,147,123.4375
-1,37,7203,4.9375,147,24.6875,147,123.4375
-1,38,7203,4.9375,147,24.6875,147,123.4375
-1,39,7203,4.9375,147,24.6875,147,123.4375
36,-1,1,24.6875,1,123.4375
37,-1,1,24.6875,1,123.4375
38,-1,1,24.6875,1,123.4375
39,-1,1,24.6875,1,123.4375
40,42,2352,4.9375,147,4.9375,147,4.9375
40,41,2352,4.9375,147,4.9375,147,4.9375
42,43,2352,4.9375,147,4.9375,147,4.9375
-1,40,2352,4.9375,7203,4.9375,147,4.9375,147,4.9375,147,24.6875,147,123.4375
-1,41,7203,4.9375,147,24.6875,147,123.4375
-1,42,7203,4.9375,147,24.6875,147,123.4375
-1,43,7203,4.9375,147,24.6875,147,123.4375
40,-1,1,24.6875,1,123.4375
41,-1,1,24.6875,1,123.4375
42,-1,1,24.6875,1,123.4375
43,-1,1,24.6875,1,123.4375
44,46,2352,4.9375,147,4.9375,147,4.9375
44,45,2352,4.9375,147,4.9375,147,4.9375
46,47,2352,4.9375,147,4.9375,147,4.9375
-1,44,2352,4.9375,7203,4.9375,147,4.9375,147,4.9375,147,24.6875,147,123.4375
-1,45,7203,4.9375,147,24.6875,147,123.4375
-1,46,7203,4.9375,147,24.6875,147,123.4375
-1,47,7203,4.9375,147,24.6875,147,123.4375
44,-1,1,24.6875,1,123.4375
45,-1,1,24.6875,1,123.4375
46,-1,1,24.6875,1,123.4375
47,-1,1,24.6875,1,123.4375
48,50,2352,4.9375,147,4.9375,147,4.9375
48,49,2352,4.9375,147,4.9375,147,4.9375
50,51,2352,4.9375,147,4.9375,147,4.9375
-1,48,2352,4.9375,7203,4.9375,147,4.9375,147,4.9375,147,24.6875,147,123.4375
-1,49,7203,4.9375,147,24.6875,147,123.4375
-1,50,7203,4.9375,147,24.6875,147,123.4375
-1,51,7203,4.9375,147,24.6875,147,123.4375
48,-1,1,24.6875,1,123.4375
49,-1,1,24.6875,1,123.4375
50,-1,1,24.6875,1,123.4375
51,-1,1,24.6875,1,123.4375
52,54,2352,4.9375,147,4.9375,147,4.9375
52,53,2352,4.9375,147,4.9375,147,4.9375
54,55,2352,4.9375,147,4.9375,147,4.9375
-1,52,2352,4.9375,7203,4.9375,147,4.9375,147,4.9375,147,24.6875,147,123.4375
-1,53,7203,4.9375,147,24.6875,147,123.4375
-1,54,7203,4.9375,147,24.6875,147,123.4375
-1,55,7203,4.9375,147,24.6875,147,123.4375
52,-1,1,24.6875,1,123.4375
53,-1,1,24.6875,1,123.4375
54,-1,1,24.6875,1,123.4375
55,-1,1,24.6875,1,123.4375
56,58,2352,4.9375,147,4.9375,147,4.9375
56,57,2352,4.9375,147,4.9375,147,4.9375
58,59,2352,4.9375,147,4.9375,147,4.9375
-1,56,2352,4.9375,7203,4.9375,147,4.9375,147,4.9375,147,24.6875,147,123.4375
-1,57,7203,4.9375,147,24.6875,147,123.4375
-1,58,7203,4.9375,147,24.6875,147,123.4375
-1,59,7203,4.9375,147,24.6875,147,123.4375
56,-1,1,24.6875,1,123.4375
57,-1,1,24.6875,1,123.4375
58,-1,1,24.6875,1,123.4375
59,-1,1,24.6875,1,123.4375
60,62,2352,4.9375,147,4.9375,147,4.9375
60,61,2352,4.9375,147,4.9375,147,4.9375
62,63,2352,4.9375,147,4.9375,147,4.9375
-1,60,2352,4.9375,7203,4.9375,147,4.9375,147,4.9375,147,24.6875,147,123.4375
-1,61,7203,4.9375,147,24.6875,147,123.4375
-1,62,7203,4.9375,147,24.6875,147,123.4375
-1,63,7203,4.9375,147,24.6875,147,123.4375
60,-1,1,24.6875,1,123.4375
61,-1,1,24.6875,1,123.4375
62,-1,1,24.6875,1,123.4375
63,-1,1,24.6875,1,123.4375
